1 0 0.7270123456790125 1 0.7270123456790125 1 1 0 1
1 0.004166666666666667 0.7382716049382716 0 0.7407407407407407 0 0.9975308641975309 0.9986111111111111 0.9950617283950617 0.9986111111111111 0.8098765432098766 0.9916666666666667 0.8049382716049382 0.9597222222222223 0.7975308641975308 0.8125 0.8049382716049382 0.7027777777777777 0.7802469135802469 0.22361111111111112 0.7753086419753087 0.0763888888888889 0.7555555555555555 0.06111111111111111 0.7604938271604939 0.05277777777777778 0.7506172839506173
0 0.9430555555555555 0.37530864197530867 0.9416666666666667 0.4 0.9486111111111111 0.4148148148148148 0.9472222222222222 0.4419753086419753 0.9527777777777777 0.44938271604938274 0.9472222222222222 0.4567901234567901 0.9513888888888888 0.4666666666666667 0.9472222222222222 0.4888888888888889 0.9513888888888888 0.4962962962962963 0.9430555555555555 0.5012345679012346 0.95 0.5234567901234568 0.95 0.5580246913580247 0.9555555555555556 0.5382716049382716 0.9652777777777778 0.5530864197530864 0.9680555555555556 0.5308641975308642 0.9819444444444444 0.5185185185185185 0.9722222222222222 0.5160493827160494 0.9722222222222222 0.5012345679012346 0.9666666666666667 0.5061728395061729 0.9625 0.4962962962962963 0.9625 0.454320987654321 0.9652777777777778 0.43703703703703706 0.9708333333333333 0.4345679012345679 0.9694444444444444 0.4024691358024691 0.9625 0.3851851851851852 0.9513888888888888 0.37530864197530867
0 0.9930555555555556 0.582716049382716 0.9819444444444444 0.5876543209876544 0.975 0.6024691358024692 0.9888888888888889 0.6098765432098765 0.9861111111111112 0.6197530864197531 0.9763888888888889 0.6222222222222222 0.9791666666666666 0.6493827160493827 0.9736111111111111 0.6641975308641975 0.9805555555555555 0.671604938271605 0.9777777777777777 0.6765432098765433 0.9986111111111111 0.6765432098765433 0.9958333333333333 0.5876543209876544
0 0.9694444444444444 0.17777777777777778 0.9597222222222223 0.19012345679012346 0.9652777777777778 0.1925925925925926 0.9666666666666667 0.20246913580246914 0.9472222222222222 0.20246913580246914 0.9416666666666667 0.2123456790123457 0.9513888888888888 0.21728395061728395 0.9541666666666667 0.23209876543209876 0.9652777777777778 0.2271604938271605 0.9694444444444444 0.24691358024691357 0.9819444444444444 0.24444444444444444 0.9861111111111112 0.25679012345679014 0.9847222222222223 0.21975308641975308 0.975 0.21481481481481482 0.9708333333333333 0.18024691358024691
0 0.9222222222222223 0.362962962962963 0.9222222222222223 0.4024691358024691 0.9152777777777777 0.4074074074074074 0.9236111111111112 0.4074074074074074 0.9277777777777778 0.38271604938271603 0.9277777777777778 0.36790123456790125 0.9236111111111112 0.362962962962963
0 0.8763888888888889 0.28641975308641976 0.8777777777777778 0.30617283950617286 0.8638888888888889 0.32098765432098764 0.8694444444444445 0.3358024691358025 0.8680555555555556 0.35555555555555557 0.8777777777777778 0.36049382716049383 0.8875 0.3950617283950617 0.9041666666666667 0.39753086419753086 0.9069444444444444 0.4049382716049383 0.9166666666666666 0.39753086419753086 0.9166666666666666 0.3802469135802469 0.9083333333333333 0.3506172839506173 0.9027777777777778 0.3851851851851852 0.8944444444444445 0.3530864197530864 0.8861111111111111 0.34814814814814815 0.8819444444444444 0.3308641975308642 0.8861111111111111 0.3234567901234568 0.8777777777777778 0.3160493827160494 0.8875 0.30864197530864196 0.8819444444444444 0.30617283950617286 0.8861111111111111 0.2938271604938272 0.8777777777777778 0.28641975308641976
0 0.9333333333333333 0.3135802469135803 0.9305555555555556 0.362962962962963 0.9347222222222222 0.4 0.9361111111111111 0.3135802469135803
0 0.8361111111111111 0 0.8222222222222222 0 0.8291666666666667 0.0049382716049382715 0.8208333333333333 0.019753086419753086 0.825 0.014814814814814815 0.8291666666666667 0.024691358024691357 0.8222222222222222 0.0345679012345679 0.8208333333333333 0.04938271604938271 0.8222222222222222 0.05925925925925926 0.8305555555555556 0.06172839506172839 0.8263888888888888 0.07901234567901234 0.8319444444444445 0.09382716049382717 0.8291666666666667 0.145679012345679 0.8347222222222223 0.15308641975308643 0.8375 0.17530864197530865 0.85 0.17777777777777778 0.8652777777777778 0.19753086419753085 0.8736111111111111 0.19012345679012346 0.8694444444444445 0.16296296296296298 0.8652777777777778 0.17777777777777778 0.8430555555555556 0.16296296296296298 0.8388888888888889 0.11851851851851852 0.8402777777777778 0.09382716049382717 0.8472222222222222 0.07407407407407407 0.8388888888888889 0.03209876543209877 0.8388888888888889 0.009876543209876543 0.8430555555555556 0
0 0.95 0 0.9444444444444444 0.019753086419753086 0.9472222222222222 0.02962962962962963 0.9541666666666667 0.03209876543209877 0.9527777777777777 0.044444444444444446 0.9444444444444444 0.04938271604938271 0.9375 0.06419753086419754 0.9402777777777778 0.07160493827160494 0.9305555555555556 0.08148148148148149 0.9305555555555556 0.09135802469135802 0.9513888888888888 0.09382716049382717 0.9527777777777777 0.11358024691358025 0.9444444444444444 0.1259259259259259 0.9375 0.16049382716049382 0.9277777777777778 0.1728395061728395 0.9277777777777778 0.18765432098765433 0.9333333333333333 0.20246913580246914 0.9402777777777778 0.20246913580246914 0.9472222222222222 0.21481481481481482 0.9638888888888889 0.21728395061728395 0.9763888888888889 0.22962962962962963 0.9833333333333333 0.2691358024691358 0.9916666666666667 0.2765432098765432 0.9930555555555556 0.3111111111111111 0.9986111111111111 0.3037037037037037 0.9944444444444445 0.2938271604938272 0.9986111111111111 0.291358024691358 0.9986111111111111 0 0.9527777777777777 0
0 0.7041666666666667 0.2518518518518518 0.7041666666666667 0.28641975308641976 0.6916666666666667 0.32098765432098764 0.6944444444444444 0.3530864197530864 0.6888888888888889 0.36049382716049383 0.6875 0.38271604938271603 0.6777777777777778 0.4074074074074074 0.6833333333333333 0.4222222222222222 0.6763888888888889 0.4469135802469136 0.6805555555555556 0.47160493827160493 0.6777777777777778 0.49382716049382713 0.6833333333333333 0.5012345679012346 0.6805555555555556 0.5061728395061729 0.6847222222222222 0.5012345679012346 0.6833333333333333 0.48148148148148145 0.6888888888888889 0.44938271604938274 0.6888888888888889 0.4 0.7 0.3432098765432099 0.7027777777777777 0.2962962962962963 0.7097222222222223 0.2740740740740741 0.7069444444444445 0.2518518518518518
0 0.6706041666666667 0.24567901234567902 0.7162847222222223 0.24567901234567902 0.7162847222222223 0.501432098765432 0.6706041666666667 0.501432098765432
0 0.8192222222222221 0 1 0 1 0.6875061728395062 0.8192222222222221 0.6875061728395062