0 0.1375 0.5135802469135803 0.13194444444444445 0.5358024691358024 0.1388888888888889 0.5851851851851851 0.12916666666666668 0.6098765432098765 0.12777777777777777 0.6370370370370371 0.13194444444444445 0.6839506172839506 0.14444444444444443 0.7407407407407407 0.14583333333333334 0.8148148148148148 0.15833333333333333 0.8765432098765432 0.15555555555555556 0.9432098765432099 0.14583333333333334 0.9703703703703703 0.1111111111111111 0.9703703703703703 0.10416666666666667 0.9876543209876543 0.06805555555555555 0.9925925925925926 0.05694444444444444 0.9777777777777777 0.03611111111111111 0.9679012345679012 0.022222222222222223 0.9209876543209876 0 0.9061728395061729 0 0.9432098765432099 0.005555555555555556 0.9333333333333333 0.0125 0.9333333333333333 0.022222222222222223 0.9506172839506173 0.018055555555555554 0.9580246913580247 0.043055555555555555 0.980246913580247 0.04722222222222222 0.9975308641975309 0.17777777777777778 0.9975308641975309 0.18055555555555555 0.9604938271604938 0.1763888888888889 0.9432098765432099 0.175 0.8691358024691358 0.16527777777777777 0.8395061728395061 0.1638888888888889 0.8148148148148148 0.1638888888888889 0.6864197530864198 0.15555555555555556 0.6518518518518519 0.15694444444444444 0.6148148148148148 0.15 0.5358024691358024 0.14722222222222223 0.5160493827160494 0.14305555555555555 0.5135802469135803
0 0.001548611111111104 0.5020740740740741 0.18672916666666667 0.5020740740740741 0.18672916666666667 0.9945185185185185 0.001548611111111104 0.9945185185185185
0 0.7916666666666666 0.3234567901234568 0.7847222222222222 0.36790123456790125 0.7888888888888889 0.4049382716049383 0.7708333333333334 0.4469135802469136 0.7888888888888889 0.454320987654321 0.7861111111111111 0.528395061728395 0.7944444444444444 0.528395061728395 0.8027777777777778 0.4469135802469136 0.7958333333333333 0.42962962962962964 0.8041666666666667 0.4049382716049383 0.8 0.345679012345679 0.8097222222222222 0.3234567901234568 0.8097222222222222 0.2814814814814815 0.8055555555555556 0.30864197530864196
0 0.8097222222222222 0 0.7555555555555555 0 0.7611111111111111 0.0049382716049382715 0.7708333333333334 0.1111111111111111 0.7777777777777778 0.13333333333333333 0.7902777777777777 0.0691358024691358 0.7791666666666667 0.044444444444444446 0.7791666666666667 0.019753086419753086
0 0.8486111111111111 0.10864197530864197 0.8444444444444444 0.16790123456790124 0.8513888888888889 0.17530864197530865 0.8555555555555555 0.21728395061728395 0.8694444444444445 0.17037037037037037 0.8708333333333333 0.1111111111111111 0.8555555555555555 0.1111111111111111 0.8527777777777777 0.0962962962962963
0 0.9472222222222222 0.7777777777777778 0.9416666666666667 0.8049382716049382 0.9319444444444445 0.8197530864197531 0.9986111111111111 0.7975308641975308 0.9986111111111111 0.7728395061728395
0 0.7430555555555556 0.9259259259259259 0.7416666666666667 0.9728395061728395 0.7333333333333333 0.9975308641975309 0.7472222222222222 0.9975308641975309 0.7583333333333333 0.9728395061728395 0.7569444444444444 0.928395061728395 0.7694444444444445 0.9012345679012346 0.7722222222222223 0.8765432098765432
0 0.7597222222222222 0.6518518518518519 0.75 0.6987654320987654 0.7638888888888888 0.6987654320987654 0.7805555555555556 0.6691358024691358 0.8 0.6691358024691358 0.8111111111111111 0.6592592592592592 0.7888888888888889 0.6567901234567901 0.7791666666666667 0.6345679012345679
0 0.8611111111111112 0.3111111111111111 0.8680555555555556 0.39012345679012345 0.8611111111111112 0.4074074074074074 0.8625 0.41975308641975306 0.8763888888888889 0.4024691358024691 0.8763888888888889 0.37777777777777777 0.8736111111111111 0.345679012345679
0 0.8763888888888889 0.03209876543209877 0.875 0.11358024691358025 0.8847222222222222 0.04938271604938271 0.8847222222222222 0.0345679012345679
0 0.7083333333333334 0.7901234567901234 0.7069444444444445 0.837037037037037 0.7166666666666667 0.8074074074074075 0.7166666666666667 0.782716049382716
0 0.8763888888888889 0.1259259259259259 0.875 0.16790123456790124 0.8833333333333333 0.1580246913580247
0 0.8458333333333333 0.23703703703703705 0.8444444444444444 0.254320987654321 0.85 0.2641975308641975 0.8527777777777777 0.22962962962962963
0 0.7432847222222222 0 0.890326388888889 0 0.890326388888889 0.5343703703703704 0.7432847222222222 0.5343703703703704
0 0.7016180555555555 0.6032962962962964 0.8144097222222222 0.6032962962962964 0.8144097222222222 1.0000123456790124 0.7016180555555555 1.0000123456790124
0 0.9296319444444443 0.7646172839506173 1.0000069444444444 0.7646172839506173 1.0000069444444444 0.8291111111111111 0.9296319444444443 0.8291111111111111