0 0.8458333333333333 0.35555555555555557 0.8458333333333333 0.44938271604938274 0.8583333333333333 0.49135802469135803 0.8583333333333333 0.6419753086419753 0.8722222222222222 0.782716049382716 0.8902777777777777 0.7382716049382716 0.8916666666666667 0.7086419753086419 0.8777777777777778 0.6246913580246913 0.8722222222222222 0.508641975308642 0.8569444444444444 0.4419753086419753 0.8541666666666666 0.4 0.8680555555555556 0.34814814814814815 0.8513888888888889 0.345679012345679
0 0.9847222222222223 0.26666666666666666 0.9361111111111111 0.3037037037037037 0.9222222222222223 0.3012345679012346 0.875 0.32098765432098764 0.875 0.34074074074074073 0.9375 0.32098765432098764 0.9819444444444444 0.33827160493827163 0.9847222222222223 0.3037037037037037 0.9986111111111111 0.2814814814814815 0.9986111111111111 0.26666666666666666
0 0.8625 0.024691358024691357 0.8680555555555556 0.05185185185185185 0.875 0.04938271604938271 0.8888888888888888 0.07407407407407407 0.9111111111111111 0.09382716049382717 0.9652777777777778 0.07407407407407407 0.9986111111111111 0.07901234567901234 0.9930555555555556 0.05925925925925926 0.9861111111111112 0.05925925925925926 0.9777777777777777 0.01728395061728395 0.9666666666666667 0.04691358024691358 0.9444444444444444 0.0691358024691358 0.9111111111111111 0.0691358024691358 0.8944444444444445 0.056790123456790124 0.8819444444444444 0.03209876543209877
0 0.8590277777777777 0.0024691358024691358 1 0.0024691358024691358 1 0.0980246913580247 0.8590277777777777 0.0980246913580247
0 0.8381944444444445 0.2514567901234568 1 0.2514567901234568 1 0.7830123456790123 0.8381944444444445 0.7830123456790123
0 0.19444444444444445 0.8444444444444444 0.2 0.8666666666666667 0.2 0.9111111111111111 0.19305555555555556 0.9925925925925926 0.2013888888888889 0.9950617283950617 0.20555555555555555 0.9580246913580247 0.22083333333333333 0.9308641975308642 0.2152777777777778 0.8691358024691358 0.23472222222222222 0.8246913580246914 0.24444444444444444 0.782716049382716 0.2361111111111111 0.7802469135802469 0.23333333333333334 0.7901234567901234 0.21805555555555556 0.7975308641975308 0.20416666666666666 0.7876543209876543 0.2013888888888889 0.8148148148148148 0.20555555555555555 0.837037037037037
0 0.2263888888888889 0.4222222222222222 0.2263888888888889 0.4345679012345679 0.24212916666666667 0.41975308641975306 0.2569444444444444 0.41975308641975306 0.26805555555555555 0.4345679012345679 0.25555555555555554 0.39012345679012345 0.2625 0.3135802469135803 0.24583333333333332 0.3308641975308642 0.2388888888888889 0.37530864197530867 0.24166666666666667 0.4024691358024691
0 0.2 0.10864197530864197 0.1986111111111111 0.1382716049382716 0.2125 0.19012345679012346 0.22777777777777777 0.2 0.23055555555555557 0.18765432098765433 0.21944444444444444 0.1728395061728395 0.2152777777777778 0.145679012345679 0.22083333333333333 0.0962962962962963
0 0.26666666666666666 0.2 0.26666666666666666 0.23209876543209876 0.275 0.2716049382716049 0.2902777777777778 0.19012345679012346 0.2902777777777778 0.16049382716049382
0 0.08333333333333333 0.18024691358024691 0.07777777777777778 0.22962962962962963 0.07916666666666666 0.24691358024691357 0.08888888888888889 0.24938271604938272 0.09861111111111111 0.21975308641975308 0.09722222222222222 0.20493827160493827 0.12222222222222222 0.19506172839506172 0.14444444444444443 0.15308641975308643 0.13472222222222222 0.12839506172839507 0.12638888888888888 0.1259259259259259 0.12222222222222222 0.16296296296296298 0.10972222222222222 0.16790123456790124 0.10694444444444444 0.17777777777777778
0 0.06556944444444446 0.09167901234567902 0.23793055555555556 0.09167901234567902 0.23793055555555556 0.2515308641975309 0.06556944444444446 0.2515308641975309
0 0.2545763888888889 0.1393827160493827 0.3060625 0.1393827160493827 0.3060625 0.2797283950617284 0.2545763888888889 0.2797283950617284
0 0.21606944444444443 0.30282716049382713 0.27993055555555557 0.30282716049382713 0.27993055555555557 0.44902469135802464 0.21606944444444443 0.44902469135802464
0 0.18106944444444445 0.769925925925926 0.24540277777777778 0.769925925925926 0.24540277777777778 1 0.18106944444444445 1