1 0.9986111111111111 0 0 0 0 0.07160493827160494 0.009722222222222222 0.07901234567901234 0.24305555555555555 0.08888888888888889 0.35138888888888886 0.1037037037037037 0.4896611111111111 0.10123456790123457 0.7125 0.11604938271604938 0.9041666666666667 0.1111111111111111 0.9666666666666667 0.12345679012345678 0.9986111111111111 0.12098765432098765
1 0 0.000012345679012343224 1 0.000012345679012343224 1 0.12344444444444445 0 0.12344444444444445
0 0.7037083333333333 0.2222222222222222 0.9737638888888889 0.2222222222222222 0.9737638888888889 1 0.7037083333333333 1
0 0.8972222222222223 0.6172839506172839 0.8625 0.6567901234567901 0.825 0.7382716049382716 0.8138888888888889 0.7382716049382716 0.7819444444444444 0.7753086419753087 0.7722222222222223 0.7703703703703704 0.75 0.7851851851851852 0.725 0.7753086419753087 0.7277777777777777 0.8197530864197531 0.7319444444444444 0.8049382716049382 0.7583333333333333 0.7901234567901234 0.8 0.7901234567901234 0.8125 0.8074074074074075 0.8083333333333333 0.8222222222222222 0.8194444444444444 0.8148148148148148 0.8402777777777778 0.854320987654321 0.85 0.8098765432098766 0.8638888888888889 0.7975308641975308 0.8833333333333333 0.7530864197530864 0.9041666666666667 0.6172839506172839
0 0.7277777777777777 0.28641975308641976 0.7236111111111111 0.3160493827160494 0.7416666666666667 0.35555555555555557 0.7527777777777778 0.35555555555555557 0.7736111111111111 0.3802469135802469 0.8138888888888889 0.4024691358024691 0.8152777777777778 0.43703703703703706 0.7958333333333333 0.44938271604938274 0.8 0.44938271604938274 0.8680555555555556 0.41728395061728396 0.8763888888888889 0.4024691358024691 0.8819444444444444 0.36790123456790125 0.9541666666666667 0.2938271604938272 0.9736111111111111 0.24444444444444444 0.9708333333333333 0.23950617283950618 0.9625 0.2518518518518518 0.95 0.2814814814814815 0.9305555555555556 0.2740740740740741 0.9263888888888889 0.291358024691358 0.9152777777777777 0.28641975308641976 0.9138888888888889 0.3012345679012346 0.8819444444444444 0.32839506172839505 0.8611111111111112 0.32098765432098764 0.8555555555555555 0.2839506172839506 0.8444444444444444 0.28888888888888886 0.8361111111111111 0.3012345679012346 0.8333333333333334 0.32839506172839505 0.8138888888888889 0.35555555555555557 0.8111111111111111 0.38271604938271603 0.7819444444444444 0.37530864197530867 0.7666666666666667 0.3654320987654321 0.7611111111111111 0.34814814814814815 0.7513888888888889 0.3506172839506173 0.7472222222222222 0.32592592592592595 0.7361111111111112 0.31851851851851853
0 0.9138888888888889 0.45185185185185184 0.9041666666666667 0.48148148148148145 0.8972222222222223 0.4839506172839506 0.8930555555555556 0.5012345679012346 0.8666666666666667 0.5432098765432098 0.8444444444444444 0.5432098765432098 0.8458333333333333 0.5679012345679012 0.8847222222222222 0.5382716049382716 0.9111111111111111 0.5012345679012346 0.9180555555555555 0.4567901234567901
0 0.8097222222222222 0.9629629629629629 0.8069444444444445 0.9703703703703703 0.8138888888888889 0.9975308641975309 0.8416666666666667 0.9777777777777777 0.825 0.9555555555555556
0 0.9055555555555556 0.5234567901234568 0.9027777777777778 0.6098765432098765 0.9111111111111111 0.6024691358024692 0.9138888888888889 0.5703703703703704 0.9125 0.5333333333333333
0 0.7527777777777778 0.9135802469135802 0.7513888888888889 0.9259259259259259 0.7986111111111112 0.9481481481481482 0.8069444444444445 0.9061728395061729 0.7861111111111111 0.8987654320987655
0 0.16111111111111112 0.9555555555555556 0.1736111111111111 0.9975308641975309 0.26944444444444443 0.9975308641975309 0.29444444444444445 0.9703703703703703 0.29444444444444445 0.9555555555555556 0.25277777777777777 0.9703703703703703
0 0.17916666666666667 0.8444444444444444 0.18055555555555555 0.8641975308641975 0.19166666666666668 0.8617283950617284 0.2 0.8814814814814815 0.19027777777777777 0.9185185185185185 0.2152777777777778 0.945679012345679 0.23194444444444445 0.945679012345679 0.23333333333333334 0.928395061728395 0.25833333333333336 0.9111111111111111 0.2791666666666667 0.9160493827160494 0.3013888888888889 0.8888888888888888 0.29583333333333334 0.8765432098765432 0.28194444444444444 0.8938271604938272 0.275 0.8888888888888888 0.2625 0.9012345679012346 0.2263888888888889 0.8716049382716049 0.2152777777777778 0.8716049382716049 0.1986111111111111 0.8444444444444444
0 0.14660416666666665 0.8230617283950618 0.32253472222222224 0.8230617283950618 0.32253472222222224 1 0.14660416666666665 1
0 0.9645138888888888 0.131679012345679 0.9706805555555555 0.131679012345679 0.9706805555555555 0.1454074074074074 0.9645138888888888 0.1454074074074074
0 0.009722222222222222 0.08395061728395062 0 0.0962962962962963 0 0.1925925925925926 0.009722222222222222 0.20246913580246914 0 0.22469135802469137 0.0125 0.23209876543209876 0.027777777777777776 0.2814814814814815 0.0375 0.291358024691358 0.04027777777777778 0.3333333333333333 0.059722222222222225 0.3506172839506173 0.06666666666666667 0.3925925925925926 0.08194444444444444 0.4148148148148148 0.09444444444444444 0.4074074074074074 0.10694444444444444 0.43950617283950616 0.1361111111111111 0.4666666666666667 0.1375 0.4839506172839506 0.15416666666666667 0.4888888888888889 0.1527777777777778 0.5061728395061729 0.17083333333333334 0.508641975308642 0.2513888888888889 0.4641975308641975 0.275 0.4419753086419753 0.27361111111111114 0.4222222222222222 0.28194444444444444 0.4123456790123457 0.3 0.4271604938271605 0.3458333333333333 0.41975308641975306 0.3527777777777778 0.40987654320987654 0.3527777777777778 0.37777777777777777 0.3458333333333333 0.362962962962963 0.3347222222222222 0.3654320987654321 0.3333333333333333 0.3530864197530864 0.30694444444444446 0.35555555555555557 0.2708333333333333 0.38271604938271603 0.25277777777777777 0.3851851851851852 0.24444444444444444 0.4024691358024691 0.22361111111111112 0.39753086419753086 0.21805555555555556 0.4 0.21805555555555556 0.4148148148148148 0.19166666666666668 0.4222222222222222 0.1486111111111111 0.3950617283950617 0.13472222222222222 0.362962962962963 0.09305555555555556 0.3506172839506173 0.07777777777777778 0.3234567901234568 0.07777777777777778 0.29876543209876544 0.059722222222222225 0.27901234567901234 0.05694444444444444 0.2518518518518518 0.044444444444444446 0.23950617283950618 0.04583333333333333 0.2123456790123457 0.03194444444444444 0.18271604938271604 0.02638888888888889 0.11358024691358025
0 0.1361111111111111 0.28641975308641976 0.12916666666666668 0.30617283950617286 0.13472222222222222 0.31851851851851853 0.18611111111111112 0.3358024691358025 0.2152777777777778 0.39012345679012345 0.23333333333333334 0.38271604938271603 0.21944444444444444 0.345679012345679 0.22361111111111112 0.30864197530864196 0.23472222222222222 0.27901234567901234 0.2625 0.25679012345679014 0.2833333333333333 0.21975308641975308 0.22777777777777777 0.21975308641975308 0.22916666666666666 0.24691358024691357 0.2222222222222222 0.24938271604938272 0.20972222222222223 0.27901234567901234 0.14444444444444443 0.2740740740740741
0 0 0.09190123456790124 0.35663888888888884 0.09190123456790124 0.35663888888888884 0.5179753086419753 0 0.5179753086419753