1 0.006166666666666742 0.8834074074074073 1 0.8834074074074073 1 1 0.006166666666666742 1
1 0.03194444444444444 0.8740740740740741 0 0.8765432098765432 0 0.9975308641975309 0.9986111111111111 0.9975308641975309 0.9986111111111111 0.9209876543209876 0.9902777777777778 0.9185185185185185 0.6652777777777777 0.8962962962962963 0.5430555555555555 0.8987654320987655
0 0.07916666666666666 0.4246913580246914 0.07777777777777778 0.44938271604938274 0.08333333333333333 0.454320987654321 0.08888888888888889 0.4271604938271605 0.0875 0.3925925925925926 0.09861111111111111 0.3925925925925926 0.12777777777777777 0.3432098765432099 0.16666666666666666 0.2938271604938272 0.18611111111111112 0.35802469135802467 0.19027777777777777 0.30617283950617286 0.22916666666666666 0.33827160493827163 0.2361111111111111 0.3234567901234568 0.18333333333333332 0.2617283950617284 0.19722222222222222 0.23950617283950618 0.21388888888888888 0.2222222222222222 0.2638888888888889 0.2271604938271605 0.26805555555555555 0.17037037037037037 0.24583333333333332 0.17037037037037037 0.22361111111111112 0.14320987654320988 0.2152777777777778 0.14320987654320988 0.2013888888888889 0.15555555555555556 0.17777777777777778 0.18518518518518517 0.17083333333333334 0.1580246913580247 0.25972222222222224 0.06666666666666667 0.19583333333333333 0.06172839506172839 0.18194444444444444 0.0691358024691358 0.14583333333333334 0.12098765432098765 0.14166666666666666 0.18024691358024691 0.13472222222222222 0.18765432098765433 0.12916666666666668 0.21975308641975308 0.10694444444444444 0.2740740740740741
0 0.15694444444444444 0.019753086419753086 0.1638888888888889 0.07654320987654321 0.1486111111111111 0.18518518518518517 0.1625 0.18024691358024691 0.16805555555555557 0.1654320987654321 0.17916666666666667 0.1654320987654321 0.17916666666666667 0.11851851851851852 0.24305555555555555 0.07901234567901234 0.24305555555555555 0.0691358024691358 0.20972222222222223 0.044444444444444446 0.20833333333333334 0 0.1597222222222222 0
0 0.1 0.4740740740740741 0.08333333333333333 0.528395061728395 0.13333333333333333 0.4740740740740741 0.19027777777777777 0.454320987654321 0.27361111111111114 0.47160493827160493 0.26666666666666666 0.4641975308641975 0.25972222222222224 0.4049382716049383 0.26666666666666666 0.3358024691358025 0.23194444444444445 0.4024691358024691 0.15416666666666667 0.42962962962962964 0.16944444444444445 0.3925925925925926 0.175 0.34814814814814815 0.14027777777777778 0.34074074074074073 0.13333333333333333 0.4271604938271605 0.11944444444444445 0.4419753086419753
0 0.024069444444444442 0 0.30770833333333336 0 0.30770833333333336 0.7909629629629629 0.024069444444444442 0.7909629629629629
0 0.6882708333333333 0.46090123456790116 1.0000069444444444 0.46090123456790116 1.0000069444444444 0.8614691358024691 0.6882708333333333 0.8614691358024691
0 0.7097222222222223 0.6172839506172839 0.6930555555555555 0.6345679012345679 0.7083333333333334 0.6345679012345679 0.7194444444444444 0.6222222222222222 0.7527777777777778 0.6222222222222222 0.7777777777777778 0.6370370370370371 0.8013888888888889 0.674074074074074 0.85 0.6814814814814815 0.9513888888888888 0.7530864197530864 0.9680555555555556 0.7851851851851852 0.9694444444444444 0.8 0.9875 0.8197530864197531 0.9958333333333333 0.7753086419753087 0.9875 0.7728395061728395 0.9861111111111112 0.7604938271604939 0.9763888888888889 0.762962962962963 0.9736111111111111 0.7506172839506173 0.9527777777777777 0.7283950617283951 0.9166666666666666 0.6444444444444445 0.875 0.6370370370370371 0.8708333333333333 0.6222222222222222 0.85 0.6172839506172839 0.8402777777777778 0.6024691358024692 0.825 0.6098765432098765 0.8138888888888889 0.5753086419753086 0.7958333333333333 0.562962962962963 0.7680555555555556 0.5728395061728395
0 0.7222222222222222 0.7604938271604939 0.7194444444444444 0.7703703703703704 0.7291666666666666 0.7802469135802469 0.7638888888888888 0.782716049382716 0.8208333333333333 0.8246913580246914 0.8763888888888889 0.837037037037037 0.8930555555555556 0.837037037037037 0.9277777777777778 0.8148148148148148 0.9402777777777778 0.817283950617284 0.9486111111111111 0.8049382716049382 0.9583333333333334 0.8049382716049382 0.9597222222222223 0.782716049382716 0.9444444444444444 0.7802469135802469 0.9361111111111111 0.7506172839506173 0.9013888888888889 0.7333333333333333 0.8555555555555555 0.7481481481481481 0.8180555555555555 0.7432098765432099 0.7972222222222223 0.725925925925926 0.7902777777777777 0.7086419753086419 0.7430555555555556 0.7135802469135802 0.7319444444444444 0.7283950617283951
0 0.782561111111111 0.4844987654320988 0.782561111111111 0.506720987654321 0.8145055555555555 0.5017827160493827 0.8797833333333333 0.5511654320987655 0.9006166666666666 0.6128938271604939 0.9131166666666666 0.6277086419753086 0.9103388888888888 0.6375851851851851 0.9158944444444443 0.6375851851851851 0.9145055555555555 0.6178320987654321 0.92145 0.6079555555555556 0.9270055555555555 0.5758567901234568 0.9200611111111111 0.5684493827160494 0.9200611111111111 0.5363506172839506 0.8978388888888889 0.5165975308641976 0.8950611111111111 0.4993135802469136 0.882561111111111 0.47956049382716054 0.8658944444444444 0.46968395061728396 0.8214499999999999 0.46721481481481486
0 0.7194444444444444 0.02962962962962963 0.6958333333333333 0.03209876543209877 0.6777777777777778 0.05925925925925926 0.6805555555555556 0.14320987654320988 0.7 0.12098765432098765 0.6986111111111111 0.13580246913580246 0.7027777777777777 0.11851851851851852 0.725 0.09876543209876543 0.7458333333333333 0.11358024691358025 0.7319444444444444 0.16296296296296298 0.7583333333333333 0.1308641975308642 0.7361111111111112 0.18518518518518517 0.7694444444444445 0.15555555555555556 0.7416666666666667 0.2 0.7388888888888889 0.20493827160493827 0.75 0.21481481481481482 0.7666666666666667 0.21481481481481482 0.7472222222222222 0.21975308641975308 0.7486111111111111 0.2271604938271605 0.7569444444444444 0.22962962962962963 0.7527777777777778 0.2345679012345679 0.7583333333333333 0.2419753086419753 0.7708333333333334 0.2419753086419753 0.7736111111111111 0.2345679012345679 0.7666666666666667 0.23703703703703705 0.7611111111111111 0.22962962962962963 0.7722222222222223 0.21975308641975308 0.7694444444444445 0.2123456790123457 0.7833333333333333 0.2123456790123457 0.8013888888888889 0.19506172839506172 0.8222222222222222 0.12839506172839507 0.8152777777777778 0.12098765432098765 0.8180555555555555 0.10123456790123457 0.8125 0.09876543209876543 0.8166666666666667 0.1037037037037037 0.8083333333333333 0.12345679012345678 0.8055555555555556 0.1111111111111111 0.7958333333333333 0.1037037037037037 0.7958333333333333 0.09382716049382717 0.8097222222222222 0.08641975308641975 0.8208333333333333 0.09135802469135802 0.8208333333333333 0.07654320987654321 0.8305555555555556 0.07654320987654321 0.8361111111111111 0.06666666666666667 0.8319444444444445 0.05185185185185185 0.8361111111111111 0.05185185185185185 0.8375 0.04197530864197531 0.8263888888888888 0.007407407407407408 0.8180555555555555 0 0.8111111111111111 0.0049382716049382715 0.8111111111111111 0.0345679012345679 0.8055555555555556 0.024691358024691357 0.8069444444444445 0.012345679012345678 0.7958333333333333 0.009876543209876543 0.7944444444444444 0 0.7541666666666667 0 0.7555555555555555 0.007407407407407408 0.75 0 0.7305555555555555 0.022222222222222223
0 0.6765416666666667 0 0.8328749999999999 0 0.8328749999999999 0.2501728395061728 0.6765416666666667 0.2501728395061728
0 0.03333333333333333 0.7308641975308642 0.03194444444444444 0.7481481481481481 0.09027777777777778 0.7012345679012346 0.1 0.6839506172839506 0.12638888888888888 0.6888888888888889 0.12638888888888888 0.6987654320987654 0.1388888888888889 0.7012345679012346 0.14444444444444443 0.7135802469135802 0.15416666666666667 0.7061728395061728 0.1638888888888889 0.671604938271605 0.1763888888888889 0.6617283950617284 0.17916666666666667 0.6271604938271605 0.19166666666666668 0.6123456790123457 0.2152777777777778 0.6271604938271605 0.24166666666666667 0.6518518518518519 0.3055555555555556 0.7604938271604939 0.2972222222222222 0.7037037037037037 0.25 0.6246913580246913 0.19305555555555556 0.5753086419753086 0.21944444444444444 0.5580246913580247 0.23333333333333334 0.5432098765432098 0.23055555555555557 0.5185185185185185 0.12638888888888888 0.5975308641975309 0.06111111111111111 0.7037037037037037