0 0.002777777777777778 0.6691358024691358 0.011111111111111112 0.7037037037037037 0 0.7185185185185186 0 0.745679012345679 0.016666666666666666 0.7481481481481481 0.05555555555555555 0.7901234567901234 0.059722222222222225 0.782716049382716 0.043055555555555555 0.7308641975308642 0.034722222222222224 0.725925925925926 0.027777777777777776 0.7061728395061728 0.025 0.6246913580246913 0.015277777777777777 0.6222222222222222
0 0.03194444444444444 0.4148148148148148 0.02638888888888889 0.4246913580246914 0 0.4246913580246914 0 0.4617283950617284 0.03888888888888889 0.4419753086419753 0.08472222222222223 0.4765432098765432 0.0875 0.4888888888888889 0.09722222222222222 0.4765432098765432 0.07916666666666666 0.43950617283950616 0.05694444444444444 0.41728395061728396
0 0.006944444444444444 0.5333333333333333 0 0.5530864197530864 0.008333333333333333 0.5604938271604938 0.059722222222222225 0.5654320987654321 0.06666666666666667 0.5580246913580247 0.06666666666666667 0.5481481481481482 0.03611111111111111 0.5234567901234568
0 0.05555555555555555 0.1259259259259259 0 0.14814814814814814 0 0.16790123456790124 0.029166666666666667 0.18024691358024691 0.0763888888888889 0.14320987654320988 0.0625 0.14074074074074075
0 0.10555555555555556 0 0.1125 0.04197530864197531 0.09861111111111111 0.1111111111111111 0.11527777777777778 0.09382716049382717 0.12222222222222222 0.06172839506172839 0.12361111111111112 0
0 0.16666666666666666 0.8049382716049382 0.1638888888888889 0.817283950617284 0.16944444444444445 0.8246913580246914 0.2513888888888889 0.8864197530864197 0.2625 0.9061728395061729 0.28888888888888886 0.8962962962962963 0.28055555555555556 0.8765432098765432 0.25277777777777777 0.8469135802469135 0.24166666666666667 0.8469135802469135 0.19305555555555556 0.8074074074074075
0 0.3527777777777778 0.8345679012345679 0.32916666666666666 0.8617283950617284 0.32916666666666666 0.8716049382716049 0.3458333333333333 0.8765432098765432 0.35138888888888886 0.8888888888888888 0.3680555555555556 0.8716049382716049 0.37222222222222223 0.8592592592592593 0.36944444444444446 0.8345679012345679
0 0.31666666666666665 0.945679012345679 0.3125 0.9604938271604938 0.34444444444444444 0.9654320987654321 0.3527777777777778 0.9580246913580247 0.3402777777777778 0.928395061728395
0 0.7791666666666667 0.7555555555555555 0.7763888888888889 0.762962962962963 0.7888888888888889 0.7728395061728395 0.7861111111111111 0.8024691358024691 0.8013888888888889 0.8098765432098766 0.8027777777777778 0.8246913580246914 0.8111111111111111 0.8320987654320988 0.8388888888888889 0.8345679012345679 0.8527777777777777 0.8469135802469135 0.9111111111111111 0.8444444444444444 0.9583333333333334 0.8666666666666667 0.9986111111111111 0.8617283950617284 0.9958333333333333 0.8469135802469135 0.9722222222222222 0.8518518518518519 0.9305555555555556 0.8320987654320988 0.8902777777777777 0.8320987654320988 0.8277777777777777 0.7481481481481481 0.825 0.7358024691358025 0.8125 0.7283950617283951 0.8111111111111111 0.7160493827160493 0.7930555555555555 0.7506172839506173
0 0.9388888888888889 0.2074074074074074 0.9319444444444445 0.28641975308641976 0.9541666666666667 0.31851851851851853 0.95 0.3506172839506173 0.9333333333333333 0.36049382716049383 0.9388888888888889 0.44938271604938274 0.9458333333333333 0.45185185185185184 0.9527777777777777 0.4074074074074074 0.95 0.3802469135802469 0.9638888888888889 0.33827160493827163 0.9791666666666666 0.3234567901234568 0.9791666666666666 0.2962962962962963 0.9763888888888889 0.2814814814814815 0.9541666666666667 0.2716049382716049 0.9486111111111111 0.2419753086419753 0.9541666666666667 0.2 0.9430555555555555 0.19753086419753085
0 0.9 0.6148148148148148 0.8888888888888888 0.6493827160493827 0.8958333333333334 0.654320987654321 0.8972222222222223 0.6691358024691358 0.9180555555555555 0.6419753086419753 0.9277777777777778 0.6370370370370371 0.9347222222222222 0.6518518518518519 0.9569444444444445 0.6246913580246913 0.9541666666666667 0.5975308641975309 0.9305555555555556 0.6123456790123457
0 0.9 0.5358024691358024 0.8958333333333334 0.562962962962963 0.9541666666666667 0.5555555555555556 0.9583333333333334 0.5481481481481482 0.9583333333333334 0.5407407407407407
0 0.9173611111111111 0.18106172839506177 0.986611111111111 0.18106172839506177 0.986611111111111 0.4652098765432099 0.9173611111111111 0.4652098765432099
0 0.8798541666666667 0.5337407407407407 0.9680902777777778 0.5337407407407407 0.9680902777777778 0.6677407407407407 0.8798541666666667 0.6677407407407407
0 0.76875 0.7164444444444446 1 0.7164444444444446 1 0.8752098765432098 0.76875 0.8752098765432098
0 0.7138888888888889 0 0.7166666666666667 0.012345679012345678 0.7541666666666667 0.04938271604938271 0.7541666666666667 0.12839506172839507 0.7638888888888888 0.12839506172839507 0.775 0.09382716049382717 0.7791666666666667 0.044444444444444446 0.7944444444444444 0
0 0.7085625 0 0.8032986111111111 0 0.8032986111111111 0.13096296296296295 0.7085625 0.13096296296296295
0 0.15995138888888888 0.7860246913580248 0.3737430555555556 0.7860246913580248 0.3737430555555556 0.9657777777777777 0.15995138888888888 0.9657777777777777
0 0.00022916666666666547 0.39753086419753086 0.09971527777777776 0.39753086419753086 0.09971527777777776 0.7879506172839507 0.00022916666666666547 0.7879506172839507
0 -0.0000069444444444381285 0 0.1265625 0 0.1265625 0.1836543209876543 -0.0000069444444444381285 0.1836543209876543