0 0.808951388888889 0.46035802469135806 0.9999930555555555 0.46035802469135806 0.9999930555555555 0.9999876543209877 0.808951388888889 0.9999876543209877
0 0.22083333333333333 0.8740740740740741 0.22083333333333333 0.8864197530864197 0.24166666666666667 0.9358024691358025 0.2388888888888889 0.9728395061728395 0.25 0.9975308641975309 0.28055555555555556 0.9975308641975309 0.2777777777777778 0.9654320987654321 0.2708333333333333 0.9530864197530864 0.2652777777777778 0.9555555555555556 0.2638888888888889 0.9234567901234568 0.23333333333333334 0.8765432098765432
0 0.21944444444444444 0 0.21944444444444444 0.05185185185185185 0.20972222222222223 0.06666666666666667 0.2111111111111111 0.09876543209876543 0.21805555555555556 0.11851851851851852 0.20972222222222223 0.1308641975308642 0.21388888888888888 0.1506172839506173 0.22777777777777777 0.13580246913580246 0.23194444444444445 0.11604938271604938 0.23194444444444445 0
0 0.2791666666666667 0.782716049382716 0.2833333333333333 0.8419753086419753 0.30694444444444446 0.9012345679012346 0.30972222222222223 0.8666666666666667 0.29583333333333334 0.8296296296296296 0.29444444444444445 0.7506172839506173
0 0.12638888888888888 0.33827160493827163 0.125 0.3802469135802469 0.11666666666666667 0.40987654320987654 0.15138888888888888 0.4444444444444444 0.15416666666666667 0.43950617283950616 0.1375 0.4049382716049383 0.1375 0.32839506172839505 0.14583333333333334 0.29876543209876544 0.1361111111111111 0.30864197530864196
0 0.15833333333333333 0.08888888888888889 0.15416666666666667 0.11851851851851852 0.14166666666666666 0.12839506172839507 0.14166666666666666 0.1382716049382716 0.1638888888888889 0.16790123456790124 0.18194444444444444 0.16790123456790124 0.16944444444444445 0.15555555555555556 0.16944444444444445 0.08148148148148149
0 0.9305555555555556 0.9901234567901235 0.9277777777777778 0.9975308641975309 0.9472222222222222 0.9975308641975309 0.9944444444444445 0.928395061728395 0.9958333333333333 0.9111111111111111 0.975 0.9160493827160494 0.9666666666666667 0.9530864197530864
0 0.20416666666666666 0.3432098765432099 0.20277777777777778 0.4049382716049383 0.19722222222222222 0.43950617283950616 0.18888888888888888 0.44938271604938274 0.22916666666666666 0.44938271604938274 0.20833333333333334 0.38765432098765434 0.20972222222222223 0.3530864197530864
0 0.004166666666666667 0.7728395061728395 0 0.7925925925925926 0.005555555555555556 0.7975308641975308 0.030555555555555555 0.8 0.058333333333333334 0.8197530864197531 0.07222222222222222 0.817283950617284 0.059722222222222225 0.8074074074074075 0.059722222222222225 0.7975308641975308
0 0.8347222222222223 0.6938271604938272 0.8361111111111111 0.8049382716049382 0.8222222222222222 0.8716049382716049 0.8152777777777778 0.9851851851851852 0.8458333333333333 0.9629629629629629 0.8361111111111111 0.9012345679012346 0.8527777777777777 0.8074074074074075 0.8541666666666666 0.7234567901234568 0.8708333333333333 0.674074074074074 0.8722222222222222 0.6074074074074074 0.8638888888888889 0.5728395061728395 0.8722222222222222 0.49135802469135803 0.8680555555555556 0.47160493827160493 0.8527777777777777 0.47160493827160493
0 0.14027777777777778 0.000012345679012351995 0.2411388888888889 0.000012345679012351995 0.2411388888888889 0.17090123456790124 0.14027777777777778 0.17090123456790124
0 0.11365277777777777 0.2843703703703704 0.231875 0.2843703703703704 0.231875 0.46728395061728395 0.11365277777777777 0.46728395061728395
0 0.2178333333333333 0.7288024691358024 0.3179722222222222 0.7288024691358024 0.3179722222222222 0.9999876543209877 0.2178333333333333 0.9999876543209877
0 0.00022916666666666547 0.7633703703703704 0.07818750000000001 0.7633703703703704 0.07818750000000001 0.8344567901234567 0.00022916666666666547 0.8344567901234567