0 0.16527777777777777 0.05432098765432099 0.1638888888888889 0.07407407407407407 0.15833333333333333 0.08395061728395062 0.17083333333333334 0.1654320987654321 0.16111111111111112 0.19753086419753085 0.16527777777777777 0.20493827160493827 0.1638888888888889 0.23209876543209876 0.17083333333333334 0.2617283950617284 0.17083333333333334 0.2938271604938272 0.175 0.29876543209876544 0.17222222222222222 0.3234567901234568 0.17916666666666667 0.38765432098765434 0.16944444444444445 0.43209876543209874 0.16944444444444445 0.4962962962962963 0.15 0.5037037037037037 0.14305555555555555 0.5259259259259259 0.14583333333333334 0.5382716049382716 0.17777777777777778 0.5234567901234568 0.18333333333333332 0.5061728395061729 0.1875 0.4469135802469136 0.18472222222222223 0.4024691358024691 0.1875 0.3728395061728395 0.19444444444444445 0.35555555555555557 0.19027777777777777 0.3333333333333333 0.19166666666666668 0.29876543209876544 0.18611111111111112 0.27901234567901234 0.18888888888888888 0.2123456790123457 0.18472222222222223 0.1925925925925926 0.19027777777777777 0.14814814814814814 0.18611111111111112 0.1382716049382716 0.18611111111111112 0.1111111111111111 0.16944444444444445 0.05432098765432099
0 0.24583333333333332 0.5012345679012346 0.24166666666666667 0.5185185185185185 0.24722222222222223 0.5333333333333333 0.25416666666666665 0.5333333333333333 0.25833333333333336 0.5506172839506173 0.26666666666666666 0.5481481481481482 0.28055555555555556 0.5753086419753086 0.28194444444444444 0.5901234567901235 0.29444444444444445 0.6049382716049383 0.3 0.654320987654321 0.30972222222222223 0.6814814814814815 0.30694444444444446 0.691358024691358 0.3138888888888889 0.6987654320987654 0.3111111111111111 0.7037037037037037 0.3194444444444444 0.782716049382716 0.3263888888888889 0.7901234567901234 0.32083333333333336 0.6962962962962963 0.30972222222222223 0.6567901234567901 0.30277777777777776 0.5876543209876544 0.2861111111111111 0.5555555555555556 0.2791666666666667 0.5555555555555556 0.2625 0.5209876543209877 0.2569444444444444 0.5185185185185185 0.2513888888888889 0.5012345679012346
0 0.20416666666666666 0.8888888888888888 0.19305555555555556 0.9061728395061729 0.16944444444444445 0.9111111111111111 0.16111111111111112 0.8938271604938272 0.1375 0.908641975308642 0.13472222222222222 0.9185185185185185 0.14027777777777778 0.9209876543209876 0.14583333333333334 0.9506172839506173 0.1388888888888889 0.9679012345679012 0.13055555555555556 0.9703703703703703 0.12777777777777777 0.9975308641975309 0.1375 0.9851851851851852 0.14166666666666666 0.9975308641975309 0.14722222222222223 0.9925925925925926 0.14305555555555555 0.9901234567901235 0.14722222222222223 0.9851851851851852 0.1361111111111111 0.9827160493827161 0.14722222222222223 0.9728395061728395 0.15694444444444444 0.9432098765432099 0.1625 0.945679012345679 0.1625 0.9308641975308642 0.1763888888888889 0.9358024691358025 0.21805555555555556 0.8938271604938272 0.20555555555555555 0.891358024691358
0 0.2513888888888889 0.8469135802469135 0.2361111111111111 0.8641975308641975 0.2222222222222222 0.8938271604938272 0.23333333333333334 0.8987654320987655 0.24027777777777778 0.891358024691358 0.25416666666666665 0.8518518518518519
0 0.06388888888888888 0.9333333333333333 0.04861111111111111 0.9481481481481482 0 0.9506172839506173 0.029166666666666667 0.9629629629629629 0.03333333333333333 0.9580246913580247 0.05694444444444444 0.9753086419753086 0.05416666666666667 0.9555555555555556 0.06388888888888888 0.9481481481481482 0.06388888888888888 0.9358024691358025
0 0.018055555555555554 0.8765432098765432 0.009722222222222222 0.8864197530864197 0.004166666666666667 0.8839506172839506 0.004166666666666667 0.9012345679012346 0.03333333333333333 0.9111111111111111 0.041666666666666664 0.9012345679012346 0.05555555555555555 0.9061728395061729 0.0625 0.891358024691358 0.05694444444444444 0.8790123456790123 0.02361111111111111 0.8765432098765432
0 0.005555555555555556 0.7975308641975308 0 0.8 0 0.8246913580246914 0.0763888888888889 0.8222222222222222 0.0763888888888889 0.8148148148148148 0.06527777777777778 0.8074074074074075 0.03611111111111111 0.8123456790123457 0.006944444444444444 0.8
0 -0.000006944444444443062 0.7761358024691359 0.07842361111111111 0.7761358024691359 0.07842361111111111 1.0000123456790124 -0.000006944444444443062 1.0000123456790124
0 0.12754861111111107 0.8399135802469135 0.2533958333333333 0.8399135802469135 0.2533958333333333 0.9999876543209877 0.12754861111111107 0.9999876543209877
0 0.24212499999999998 0.4839382716049383 0.33393055555555556 0.4839382716049383 0.33393055555555556 0.8044074074074073 0.24212499999999998 0.8044074074074073
0 0.14374305555555555 0.03538271604938275 0.1997013888888889 0.03538271604938275 0.1997013888888889 0.5524691358024691 0.14374305555555555 0.5524691358024691
0 0.0875 0.5506172839506173 0.06805555555555555 0.562962962962963 0.07083333333333333 0.5876543209876544 0.08333333333333333 0.5950617283950618 0.0875 0.6148148148148148 0.08472222222222223 0.6395061728395062 0.08888888888888889 0.6790123456790124 0.0763888888888889 0.7037037037037037 0.08472222222222223 0.7135802469135802 0.07916666666666666 0.7160493827160493 0.07777777777777778 0.7308641975308642 0.08333333333333333 0.7185185185185186 0.09444444444444444 0.7432098765432099 0.09583333333333334 0.7209876543209877 0.09166666666666666 0.7086419753086419 0.10277777777777777 0.6691358024691358 0.1 0.6567901234567901 0.10416666666666667 0.6296296296296297 0.09722222222222222 0.6123456790123457 0.10416666666666667 0.5975308641975309 0.09444444444444444 0.5753086419753086 0.09444444444444444 0.562962962962963 0.1 0.5555555555555556 0.09166666666666666 0.5506172839506173
0 0.0125 0.6691358024691358 0.005555555555555556 0.671604938271605 0.008333333333333333 0.7012345679012346 0.013888888888888888 0.7012345679012346 0.013888888888888888 0.671604938271605
0 0.044444444444444446 0.5876543209876544 0.03888888888888889 0.6148148148148148 0.03333333333333333 0.6246913580246913 0.029166666666666667 0.6172839506172839 0.029166666666666667 0.6271604938271605 0.020833333333333332 0.6419753086419753 0.02361111111111111 0.6839506172839506 0.019444444444444445 0.6962962962962963 0.029166666666666667 0.7037037037037037 0.03333333333333333 0.6864197530864198 0.03888888888888889 0.6888888888888889 0.044444444444444446 0.7185185185185186 0.05 0.7160493827160493 0.04861111111111111 0.7308641975308642 0.05416666666666667 0.7308641975308642 0.06388888888888888 0.7703703703703704 0.06944444444444445 0.7753086419753087 0.07777777777777778 0.7530864197530864 0.075 0.7333333333333333 0.06666666666666667 0.7358024691358025 0.0625 0.7283950617283951 0.06111111111111111 0.6419753086419753 0.04722222222222222 0.6345679012345679 0.04722222222222222 0.6172839506172839 0.05277777777777778 0.6172839506172839 0.044444444444444446 0.5975308641975309
0 -0.0000069444444444381285 0.5312716049382716 0.10989583333333333 0.5312716049382716 0.10989583333333333 0.7583086419753087 -0.0000069444444444381285 0.7583086419753087