3 0.25575 0.0035703124999999945 0.9734375 0.0035703124999999945 0.9734375 0.7920234374999999 0.25575 0.7920234374999999
3 0.596875 0.340625 0.5953125 0.3640625 0.6265625 0.45 0.6453125 0.484375 0.7109375 0.440625 0.7328125 0.434375 0.7765625 0.396875 0.7984375 0.384375 0.809375 0.3859375 0.8171875 0.359375 0.8171875 0.3453125 0.809375 0.3359375 0.7484375 0.33125 0.73125 0.3125 0.734375 0.2875 0.74375 0.278125 0.753125 0.234375 0.765625 0.2125 0.765625 0.190625 0.7609375 0.1890625 0.725 0.2203125
3 0.546875 0.1890625 0.5484375 0.2328125 0.5796875 0.3171875 0.6390625 0.2625 0.6390625 0.25 0.59375 0.1453125 0.571875 0.1671875 0.55625 0.1734375
3 0.509375 0.4203125 0.5328125 0.5140625 0.5484375 0.55 0.5609375 0.55625 0.5796875 0.528125 0.6015625 0.5125 0.5609375 0.3921875 0.54375 0.3890625
3 0.46875 0.2515625 0.4640625 0.2625 0.471875 0.31875 0.4859375 0.3734375 0.5015625 0.3921875 0.546875 0.3484375 0.5171875 0.26875 0.5140625 0.2203125 0.5078125 0.2125 0.5 0.2171875 0.5046875 0.234375 0.496875 0.253125 0.475 0.259375 0.4734375 0.25
3 0.4421875 0.4796875 0.4390625 0.490625 0.4734375 0.6046875 0.515625 0.56875 0.478125 0.45
3 0.40625 0.33125 0.40625 0.371875 0.434375 0.45625 0.4703125 0.421875 0.440625 0.2890625 0.43125 0.3328125
3 0.3890625 0.5296875 0.3921875 0.575 0.409375 0.634375 0.415625 0.6375 0.440625 0.625 0.4453125 0.6125 0.4171875 0.5109375 0.4109375 0.509375
3 0.646875 0.08125 0.6421875 0.10625 0.6609375 0.1546875 0.675 0.165625 0.6734375 0.178125 0.684375 0.1734375 0.6984375 0.15 0.7 0.1109375 0.678125 0.0640625 0.6609375 0.0625
3 0.3796875 0.36875 0.375 0.4015625 0.359375 0.4140625 0.3765625 0.509375 0.409375 0.48125 0.4015625 0.428125
3 0.2671875 0.5328125 0.2625 0.5515625 0.3 0.584375 0.30625 0.5828125 0.321875 0.565625 0.309375 0.484375 0.3015625 0.4828125 0.29375 0.503125
3 0.3421875 0.571875 0.3609375 0.671875 0.38125 0.665625 0.3875 0.65 0.365625 0.55625
3 0.3234375 0.4625 0.3296875 0.528125 0.3375 0.55 0.359375 0.528125 0.35625 0.4828125 0.3375 0.4296875 0.3328125 0.4546875
3 0.2703125 0.6390625 0.2828125 0.7296875 0.2984375 0.725 0.3 0.715625 0.3140625 0.703125 0.3 0.6828125 0.2921875 0.621875
3 0.309375 0.603125 0.30625 0.6234375 0.3140625 0.684375 0.3203125 0.696875 0.3328125 0.696875 0.340625 0.678125 0.3265625 0.6015625 0.31875 0.596875